 Read problem data from file: netin
   1  2  0  99999999
   2  3  8  99999999
   3  4  8  99999999
   4  5  8  99999999
   5  6  8  99999999
   6  7  0  99999999
   7  1  4  99999999
   8  2  15  99999999
   8  3  15  99999999
   8  4  15  99999999
   8  5  15  99999999
   8  6  15  99999999
   8  10  0  99999999
   10  20  0  99999999
   11  9  0  99999999
   11  12  0  50
   11  16  0  99999999
   12  4  8  99999999
   12  5  5  99999999
   12  9  0  99999999
   12  13  0  50
   12  17  0  99999999
   13  5  8  99999999
   13  6  5  99999999
   13  9  0  99999999
   13  14  0  50
   13  18  0  99999999
   14  9  0  99999999
   14  15  0  50
   14  19  0  99999999
   15  9  0  99999999
   15  11  2  99999999
   16  12  2  99999999
   17  13  2  99999999
   18  14  2  99999999
   19  15  2  99999999
   20  9  0  99999999
   -50
   130
   150
   190
   100
   180
   50
   -999
   999
   0
   -130
   -150
   -190
   -100
   -180
   0
   0
   0
   0
   0
 Number of nodes =  20, number of arcs =  37
 Calling RELAX4 to solve the problem
 Optimal cost =     6960.0000000000
 Number of iterations =   42
 Write solution on file: netout
