   1
   20  37
     6960.0000000000
       1       2      60       0
       2       3       0       8
       3       4       0      11
       4       5       0      11
       5       6       0       6
       6       7      60       0
       7       1      10       0
       8       2      70       0
       8       3     150       0
       8       4       0       3
       8       5       0       6
       8       6       0       4
       8      10     779       0
      10      20     779       0
      11       9       0       2
      11      12      50      -2
      11      16     140       0
      12       4     190       0
      12       5     100       0
      12       9       0       4
      12      13      50      -2
      12      17       0       0
      13       5       0       5
      13       6     240       0
      13       9       0       6
      13      14       0       6
      13      18       0       6
      14       9     100       0
      14      15       0       0
      14      19       0       0
      15       9     120       0
      15      11      60       0
      16      12     140       0
      17      13       0       0
      18      14       0       2
      19      15       0       2
      20       9     779       0
